416, 34, ADALAR, 40.87637720, 29.09544400
417, 34, ARNAVUTKÃ–Y, 41.20000000, 28.73333300
418, 34, ATAÅzEHÄ°R, 40.98333330, 29.11666670
419, 34, AVCILAR, 41.01534790, 28.73146180,
420, 34, BAÄzCILAR, 41.04555560, 28.84055560
421, 34, BAHÃ‡ELÄ°EVLER, 40.99750000, 28.85055560
422, 34, BAKIRKÃ–Y, 40.96815500, 28.82280000
423, 34, BAÅzAKÅzEHÄ°R, 41.07789500, 28.81255100
424, 34, BAYRAMPAÅzA, 41.04815030, 28.90045530
425, 34, BEÅzÄ°KTAÅz, 41.06861600, 29.02853550,
426, 34, BEYKOZ, 41.13271900, 29.10569000
427, 34, BEYLÄ°KDÃœZÃœ, 40.99103810
428, 34, BEYOÄzLU, 41.03828640, 28.97033040
429, 34, BÃœYÃœKÃ‡EKMECE, 41.03413300, 28.59000300
430, 34, Ã‡ATALCA, 41.14823900, 28.46773000
431, 34, Ã‡EKMEKÃ–Y, 41.10423500, 29.31772720
432, 34, ESENLER, 41.07941330, 28.85385450,
433, 34, ESENYURT, 41.03428060, 28.68011940,
434, 34, EYÃœP, 41.18715980, 28.88298160,
435, 34, FATÄ°H, 41.01666670, 28.93333330
436, 34, GAZÄ°OSMANPAÅzA, 41.07594770, 28.90045530
437, 34, GÃœNGÃ–REN, 41.01666670, 28.88333330
438, 34, KADIKÃ–Y, 40.98014100, 29.08227000
439, 34, KAÄzITHANE, 41.07100000, 28.97000000
440, 34, KARTAL, 40.89965100, 29.19364900
441, 34, KÃœÃ‡ÃœKÃ‡EKMECE, 41.00865800, 28.77534200
442, 34, MALTEPE, 40.94904700, 29.17410900
443, 34, PENDÄ°K, 40.87932600, 29.25813500
444, 34, SANCAKTEPE, 41.02870280, 29.29018290
445, 34, SARIYER, 41.16632800, 29.04995000
446, 34, SÄ°LÄ°VRÄ°, 41.08015800, 28.26829000
447, 34, SULTANBEYLÄ°, 40.96111230, 29.26694380
448, 34, SULTANGAZÄ°, 41.12557940, 28.87133140,
449, 34, ÅzÄ°LE, 41.17638890, 29.61277780
450, 34, ÅzÄ°ÅzLÄ°, 41.06000000, 28.98700000
451, 34, TUZLA, 40.84200000, 29.29500000
452, 34, ÃœMRANÄ°YE, 41.03030000, 29.10650000
453, 34, ÃœSKÃœDAR, 41.03223600, 29.03193800,
454, 34, ZEYTÄ°NBURNU, 40.99063500, 28.89614000, 41.03247600